22.? 40
DATA[15]: 10100101 0110010
DATA[80]: 10010101 01011011 00010011 10111000 01001011 10111011 01101111 11111111 11000000 00000000
DATA[80]: 00000000 00000000 00001000 11010011 01010010 10101101 01110010 00111110 11001011 01110111
DATA[80]: 01101010 11111111 11110000 00000000 00000000 00000000 00000010 00110100 10010100 10101010
DATA[80]: 10010001 10011101 11000111 01101010 10100100 10111111 11111110 00000000 00000000 00000000

22.6 41
DATA[15]: 10001101 0010010
DATA[80]: 10010101 01011010 01110110 10001101 00101101 00101011 01101111 11111111 11111100 00000000
DATA[80]: 00000000 00000000 00010001 10100110 10100101 01011010 10011101 10101101 11101011 01001011
DATA[80]: 10101111 11111111 11111111 00000000 00000000 00000000 00000100 01101001 00101001 01010101
DATA[80]: 00100111 01101011 01111010 11010010 10110101 10111111 11111111 11000000 00000000 00000000

23.3 83
DATA[16]: 10001101 00100101
DATA[80]: 00101010 10111100 11000111 01110010 10001011 10110111 01101111 11111111 11111000 00000000
DATA[80]: 00000000 00000000 00001011 00011110 01011010 10110101 10111101 01110111 00101010 11101101
DATA[80]: 11010111 11111111 11111110 00000000 00000000 00000000 00000110 11101001 01101001 01010101
DATA[80]: 01101011 01011101 11001010 10111011 01110010 11111111 11111111 00000000 00000000 00000000

23.3 77
DATA[17]: 10101101 01101101 0
DATA[80]: 01010101 01111001 10000110 11010110 10101110 11101010 00101111 11111111 11000000 00000000
DATA[80]: 00000000 00000000 01000110 10010010 10010101 01101111 01110001 10100111 10101011 10111000
DATA[80]: 01111011 11111111 11111000 00000000 00000000 00000000 00010001 10100100 10100101 01010101
DATA[80]: 10101101 01100101 01101010 11101110 10100111 11111111 11111100 00000000 00000000 00000000

23.4 68
DATA[17]: 10110101 10110100 1
DATA[80]: 01010101 11011001 00111011 10101110 11011010 01011011 01111111 11111111 11100000 00000000
DATA[80]: 00000000 00000000 01001100 01111000 11010101 10110110 01000110 11101010 10010110 10011010
DATA[80]: 01111111 11111111 11111000 00000000 00000000 00000000 01101110 10110110 10110101 01010101
DATA[80]: 10110011 10111010 11101101 10100100 01000111 11111111 11111100 00000000 00000000 00000000

23.5 56
DATA[20]: 10001101 00110101 0010
DATA[80]: 10101011 01101110 00111110 10010010 01010111 01010101 01111111 11111111 11100000 00000000
DATA[80]: 00000000 00000001 01011010 11011010 01010101 10101101 11101011 11010010 01001010 11101111
DATA[80]: 00111111 11111111 11111000 00000000 00000000 00000000 00110111 01001011 01001010 10101001
DATA[80]: 00110001 11010100 10010010 10111010 10110111 11111111 11111100 00000000 00000000 00000000

23.5 51
DATA[18]: 10110101 10110100 10
DATA[80]: 10101011 01101110 00111101 01001011 01110001 11101110 11111111 11111110 00000000 00000000
DATA[80]: 00000000 00000000 10110101 11010100 10101011 01011011 11010111 01010010 11011100 01111000
DATA[80]: 11111111 11111111 10000000 00000000 00000000 00000000 10001101 00100101 00101010 10100101
DATA[80]: 10101101 01001100 10010111 01010111 01011111 11111111 11000000 00000000 00000000 00000000

23.6 48
DATA[20]: 10110101 10110100 1010
DATA[80]: 10101101 01011011 01111000 11010010 11101011 10011011 11111111 11110000 00000000 00000000
DATA[80]: 00000000 00001000 11010010 01010010 10101101 01011010 11011110 01100100 10111010 11101011
DATA[80]: 11111111 11111100 00000000 00000000 00000000 00000101 00101011 01101001 01010101 00101101
DATA[80]: 01011011 10111010 11011101 01111010 11111111 11111110 00000000 00000000 00000000 00000000

23.6 47
DATA[24]: 11011101 00101101 00101010
DATA[80]: 10010101 10101101 00101011 01001010 10101101 10111111 11111110 00000000 00000000 00000000
DATA[80]: 00000000 00010110 00111100 10010101 01101010 10010100 10010101 10100101 01010110 10110111
DATA[80]: 11111111 00000000 00000000 00000000 00000000 00010001 10100110 10100101 01010100 10101101
DATA[80]: 10110100 11101001 01010101 10110101 11111111 11100000 00000000 00000000 00000000 00000000

23.7 45
DATA[26]: 10001101 00100101 00101010 10
DATA[80]: 11101011 10110100 01010111 01101110 00100101 01011111 11111111 11110000 00000000 00000000
DATA[80]: 00000000 10001101 00100101 00101010 11010001 00110101 11011100 10110111 00010010 10111111
DATA[80]: 11111111 11111100 00000000 00000000 00000000 00101001 01011011 01001010 10101010 10111010
DATA[80]: 11101110 01011011 10001011 01011101 11111111 11111110 00000000 00000000 00000000 00000000

23.8 45
DATA[26]: 10110101 10110100 10101010 11
DATA[80]: 11010110 00110101 10001011 01110101 01110000 11111111 11110000 00000000 00000000 00000000
DATA[80]: 00000001 00011010 11011010 01010101 10111010 01101011 10111001 01101110 10101110 11101111
DATA[80]: 11111100 00000000 00000000 00000000 00000000 00100011 01001101 01001010 10101011 01001000
DATA[80]: 11010110 00101101 11010101 11100101 11111111 10000000 00000000 00000000 00000000 00000000

23.8 44
DATA[27]: 10001101 00100101 00101010 101
DATA[80]: 11101011 00011011 01111010 11011010 10100111 01111111 11111111 00000000 00000000 00000000
DATA[80]: 00000001 00011010 01001010 01010101 10111010 11100011 11000111 01001011 01010101 01011111
DATA[80]: 11111111 11110000 00000000 00000000 00000000 00110111 01011011 01001010 10101011 01001000
DATA[80]: 11011011 11010110 11010101 01010111 11111111 11110000 00000000 00000000 00000000 00000000

23.9 43
DATA[28]: 10001101 00110101 00101010 1011
DATA[80]: 00101110 00111101 11001011 01110110 10101010 11111111 11111111 10000000 00000000 00000000
DATA[80]: 00000001 00011010 11011010 01010101 10100101 11000111 10111001 01101110 11010101 10111111
DATA[80]: 11111111 11110000 00000000 00000000 00000000 00010110 00111100 10110101 01010011 01110001
DATA[80]: 10111100 11101101 11001010 11100111 11111111 11111100 00000000 00000000 00000000 00000000

23.9 43
DATA[28]: 11011101 01101101 00101010 1011
DATA[80]: 00101110 00111101 11001011 01110010 10101010 11111111 11111110 00000000 00000000 00000000
DATA[80]: 00000001 00011010 01101010 01010101 10100101 11000111 10111001 01101110 01011101 10111111
DATA[80]: 11111111 11000000 00000000 00000000 00000000 00010010 00111100 10110101 01010001 01110001
DATA[80]: 10111100 11101101 11001010 11100111 11111111 11100000 00000000 00000000 00000000 00000000
